775944 254,254,0
771128 127,0,0
466896 126,0,254
460211 254,127,0
369931 254,0,0
270824 0,254,0
230925 0,0,254
23165 117,0,0
23146 234,234,0
14165 212,212,0
13676 105,0,0
11656 234,0,0
10161 0,234,0
9541 0,0,234
7710 239,234,0
7161 158,113,0
6677 212,0,0
5621 234,117,0
5599 0,212,0
5454 0,0,212
5296 116,0,234
4925 187,187,0
4822 222,212,0
4658 92,0,0
4358 52,234,113
4321 116,113,234
4040 183,156,0
3592 52,0,254
3444 116,0,254
3414 234,234,113
3362 113,113,234
3225 104,0,212
2900 212,105,0
2850 113,239,0
2633 239,117,113
2625 53,234,0
2535 157,53,234
2507 104,156,212
2498 239,0,113
2464 204,187,0
2376 234,158,0
2306 157,0,234
2302 187,0,0
2126 234,117,113
2119 156,156,212
2100 117,113,0
2078 113,53,234
2018 75,212,156
1825 212,183,0
1783 212,212,156
1781 104,0,254
1689 239,117,0
1644 0,0,187
1603 254,239,0
1551 156,222,0
1532 254,158,0
1526 75,0,254
1374 0,187,0
1294 182,0,212
1265 212,105,156
1230 158,53,0
1209 156,75,212
1159 182,75,212
1130 91,187,187
1116 222,0,156
1112 222,105,156
1106 91,0,187
1100 75,212,0
1050 105,156,0
1000 187,204,0
 908 113,254,0
 875 254,183,0
 859 187,187,187
 850 91,0,254
 837 187,92,0
 793 187,92,187
 725 222,105,0
 695 203,92,187
 656 183,75,0
 650 92,187,0
 628 234,254,0
 600 212,254,0
 580 254,222,0
 575 117,0,113
 527 53,0,234
 527 0,0,0
 526 156,254,0
 450 203,0,187
 450 0,234,113
 450 0,113,234
 360 156,156,0
 359 204,92,0
 350 92,0,187
 350 75,0,212
 324 75,0,0
 324 156,0,0
 318 254,204,0
 300 0,156,212
 264 105,0,254
 250 1,0,254
 249 53,0,254
 225 217,212,0
 202 187,254,0
 200 253,252,2
 175 105,0,156
 175 104,113,212
 175 0,212,156
 174 254,159,0
 165 212,212,113
 164 254,246,0
 150 92,0,254
 150 241,117,0
 150 117,0,254
 150 104,0,234
 150 0,0,156
 146 0,156,0
 140 123,0,254
 136 118,0,254
 125 70,0,254
 125 254,240,0
 125 254,235,0
 125 110,0,254
 125 0,187,187
 121 254,237,0
 119 254,165,0
 118 254,132,0
 115 127,0,1
 114 77,0,254
 114 54,0,254
 113 254,177,0
 102 43,0,254
 102 107,0,254
 101 254,253,1
 100 91,156,187
 100 53,232,113
 100 52,212,113
 100 3,0,254
 100 254,248,0
 100 254,230,0
 100 253,126,0
 100 251,124,0
 100 234,112,0
 100 223,105,0
 100 2,0,254
 100 198,187,0
 100 150,113,0
 100 125,3,251
 100 125,2,252
 100 120,0,254
 100 116,110,234
 100 0,253,1
  99 1,252,2
  96 254,209,0
  94 91,0,234
  94 254,234,0
  93 2,251,4
  92 61,0,254
  92 254,185,0
  90 254,173,0
  90 124,0,254
  89 84,0,254
  89 122,0,254
  88 254,224,0
  88 254,201,0
  85 254,232,0
  81 254,135,0
  79 242,118,80
  79 237,115,113
  77 56,0,254
  77 232,111,117
  75 79,0,254
  75 75,208,156
  75 75,0,156
  75 74,0,254
  75 53,0,212
  75 52,234,112
  75 52,233,113
  75 52,187,113
  75 52,0,234
  75 52,0,212
  75 4,0,0
  75 34,0,254
  75 254,244,0
  75 254,226,0
  75 254,216,0
  75 254,212,0
  75 254,162,0
  75 254,127,1
  75 253,126,3
  75 253,126,2
  75 252,250,6
  75 250,123,0
  75 246,120,0
  75 242,0,73
  75 240,117,0
  75 239,117,110
  75 236,114,114
  75 234,112,115
  75 230,109,121
  75 230,109,0
  75 219,102,156
  75 217,105,0
  75 205,92,0
  75 2,250,5
  75 193,81,0
  75 176,156,0
  75 170,0,156
  75 168,59,0
  75 164,56,0
  75 162,54,0
  75 161,54,226
  75 159,53,0
  75 159,0,230
  75 155,49,0
  75 142,113,0
  75 139,20,0
  75 129,0,248
  75 128,2,250
  75 128,0,250
  75 124,217,113
  75 113,217,0
  75 109,118,221
  75 107,126,216
  74 254,171,0
  71 254,210,0
  71 233,111,116
  70 254,223,0
  70 254,172,0
  70 127,0,2
  69 254,131,0
  68 219,0,156
  66 15,0,0
  65 217,0,113
  65 106,0,254
  64 78,0,254
  64 254,188,0
  64 244,0,58
  64 210,0,165
  64 146,34,236
  64 12,0,254
  63 254,207,0
  63 254,179,0
  63 103,0,254
  62 97,0,254
  62 254,242,0
  62 254,134,0
  62 253,126,1
  61 68,0,254
  57 254,191,0
  57 214,98,159
  54 193,92,113
  52 60,0,254
  51 92,113,0
  51 254,168,0
  50 94,0,254
  50 91,187,186
  50 91,185,187
  50 91,178,187
  50 89,0,254
  50 88,0,254
  50 87,0,254
  50 86,0,254
  50 84,179,173
  50 81,190,167
  50 8,245,24
  50 78,194,161
  50 76,0,254
  50 75,209,156
  50 75,207,156
  50 75,0,234
  50 75,0,187
  50 74,212,155
  50 73,0,254
  50 72,0,254
  50 70,213,147
  50 66,0,254
  50 63,0,254
  50 59,0,254
  50 53,231,113
  50 50,234,109
  50 47,235,102
  50 40,235,88
  50 40,0,254
  50 4,248,11
  50 3,249,7
  50 254,250,0
  50 254,241,0
  50 254,219,0
  50 254,206,0
  50 254,202,0
  50 254,197,0
  50 254,196,0
  50 254,192,0
  50 254,189,0
  50 254,186,0
  50 254,155,0
  50 254,152,0
  50 254,143,0
  50 254,130,0
  50 253,253,1
  50 252,125,5
  50 252,0,6
  50 250,123,15
  50 248,243,30
  50 245,119,0
  50 243,118,70
  50 242,118,0
  50 242,0,79
  50 241,117,86
  50 240,117,102
  50 239,150,0
  50 239,117,112
  50 239,115,0
  50 237,0,113
  50 236,114,0
  50 236,0,114
  50 235,113,114
  50 234,176,0
  50 233,111,0
  50 231,110,0
  50 231,109,0
  50 230,108,0
  50 229,108,123
  50 229,0,123
  50 228,108,125
  50 226,0,132
  50 224,213,0
  50 224,105,0
  50 224,0,143
  50 222,105,153
  50 220,0,156
  50 219,102,0
  50 218,101,0
  50 214,0,159
  50 210,94,0
  50 209,94,167
  50 209,94,0
  50 208,93,169
  50 207,93,173
  50 202,90,187
  50 200,88,187
  50 2,250,7
  50 198,0,156
  50 197,85,188
  50 193,187,156
  50 192,0,192
  50 190,78,0
  50 189,78,196
  50 187,187,113
  50 187,0,199
  50 186,76,0
  50 174,65,0
  50 170,75,156
  50 170,75,0
  50 170,61,216
  50 169,0,216
  50 167,59,218
  50 166,0,219
  50 162,54,225
  50 162,0,224
  50 161,54,0
  50 160,54,229
  50 160,114,0
  50 159,53,230
  50 158,0,232
  50 156,75,187
  50 154,0,235
  50 153,46,235
  50 153,0,235
  50 151,41,0
  50 150,124,212
  50 148,37,0
  50 143,29,237
  50 141,0,238
  50 14,242,35
  50 137,19,240
  50 136,16,241
  50 135,12,0
  50 134,10,0
  50 133,9,244
  50 133,0,156
  50 131,4,0
  50 130,4,0
  50 129,2,0
  50 128,1,0
  50 127,1,252
  50 127,0,9
  50 127,0,4
  50 127,0,3
  50 125,1,253
  50 124,5,250
  50 124,113,212
  50 123,11,248
  50 121,0,254
  50 120,35,242
  50 120,32,243
  50 119,46,240
  50 119,0,254
  50 117,72,236
  50 116,91,235
  50 115,113,233
  50 115,0,254
  50 113,124,212
  50 113,113,212
  50 113,0,254
  50 109,119,221
  50 108,0,254
  50 107,125,217
  50 105,154,1
  50 105,146,213
  50 105,141,213
  50 105,138,213
  50 103,122,209
  50 102,156,208
  50 102,0,254
  50 101,156,205
  50 100,0,254
  50 10,244,28
  50 1,253,1
  50 1,251,3
  50 1,0,234
  50 0,212,113
  50 0,113,187
  49 254,195,0
  49 248,121,32
  49 183,0,210
  49 113,0,0
  48 243,118,71
  46 238,0,113
  46 234,234,1
  45 254,138,0
  44 254,228,0
  42 7,0,0
  40 200,0,187
  39 67,0,254
  39 6,0,254
  39 57,0,254
  39 125,0,254
  38 99,0,254
  38 30,0,254
  38 254,190,0
  38 240,117,94
  38 218,101,156
  38 21,0,254
  38 124,53,234
  38 10,0,0
  37 254,129,0
  36 254,245,0
  36 229,0,122
  35 128,0,251
  32 176,0,187
  31 91,180,187
  31 254,233,0
  31 246,120,43
  30 252,125,6
  29 230,109,120
  29 179,0,213
  29 150,53,0
  29 13,242,34
  27 158,53,233
  27 116,95,235
  26 254,160,0
  26 188,78,196
  26 172,63,215
  25 97,154,197
  25 96,42,195
  25 96,160,196
  25 96,131,195
  25 96,0,254
  25 95,0,254
  25 94,165,191
  25 94,150,192
  25 93,66,190
  25 93,168,190
  25 93,162,190
  25 92,176,188
  25 92,175,188
  25 92,171,189
  25 92,167,188
  25 91,186,187
  25 91,183,187
  25 91,160,185
  25 91,159,186
  25 91,113,187
  25 91,0,212
  25 90,168,184
  25 90,0,254
  25 9,244,25
  25 89,187,183
  25 89,179,182
  25 89,161,183
  25 89,138,180
  25 89,112,179
  25 88,187,180
  25 88,186,180
  25 88,164,179
  25 88,163,179
  25 87,187,179
  25 87,172,179
  25 87,162,178
  25 86,188,176
  25 85,188,176
  25 85,176,174
  25 85,169,174
  25 84,187,174
  25 83,183,171
  25 83,168,171
  25 83,0,254
  25 83,0,187
  25 82,189,169
  25 82,188,170
  25 82,177,168
  25 82,158,167
  25 82,0,254
  25 81,176,166
  25 81,168,166
  25 80,189,164
  25 80,169,165
  25 78,193,162
  25 78,183,161
  25 77,195,160
  25 77,192,159
  25 77,190,158
  25 77,0,234
  25 76,201,157
  25 76,199,158
  25 76,193,158
  25 75,211,156
  25 75,210,156
  25 75,204,156
  25 75,203,157
  25 75,156,156
  25 74,212,154
  25 73,193,152
  25 73,183,151
  25 73,0,212
  25 72,212,150
  25 72,212,149
  25 71,213,148
  25 71,156,148
  25 71,0,254
  25 70,192,145
  25 7,243,18
  25 69,0,254
  25 68,213,142
  25 68,188,141
  25 67,196,139
  25 67,188,139
  25 66,213,139
  25 66,207,138
  25 65,214,137
  25 65,214,136
  25 64,214,135
  25 64,187,133
  25 63,214,133
  25 62,215,131
  25 62,0,212
  25 61,215,128
  25 61,202,128
  25 60,204,125
  25 60,200,124
  25 6,246,19
  25 6,246,18
  25 6,0,29
  25 59,211,124
  25 58,218,123
  25 58,206,121
  25 57,218,122
  25 57,210,120
  25 56,221,118
  25 56,220,120
  25 56,220,119
  25 56,218,118
  25 56,214,119
  25 55,222,117
  25 54,224,116
  25 53,229,114
  25 53,228,114
  25 53,156,0
  25 53,0,156
  25 52,156,113
  25 51,234,111
  25 5,247,16
  25 5,247,14
  25 5,0,254
  25 5,0,0
  25 49,229,106
  25 48,235,104
  25 48,230,104
  25 48,227,104
  25 47,235,103
  25 47,0,254
  25 46,231,99
  25 45,235,98
  25 45,232,98
  25 45,212,98
  25 44,235,96
  25 44,164,93
  25 43,235,95
  25 43,235,94
  25 42,235,91
  25 42,228,91
  25 42,0,254
  25 41,0,254
  25 4,248,13
  25 4,0,254
  25 38,0,0
  25 37,236,81
  25 37,235,83
  25 36,236,80
  25 36,0,254
  25 33,236,75
  25 33,236,74
  25 32,236,72
  25 32,236,71
  25 32,0,29
  25 30,228,67
  25 3,249,9
  25 3,248,10
  25 3,179,9
  25 29,0,254
  25 29,0,0
  25 28,237,63
  25 28,0,254
  25 27,0,28
  25 27,0,234
  25 26,238,60
  25 26,0,26
  25 26,0,254
  25 254,254,19
  25 254,254,1
  25 254,252,0
  25 254,251,0
  25 254,247,0
  25 254,243,0
  25 254,236,0
  25 254,231,0
  25 254,227,0
  25 254,225,0
  25 254,221,0
  25 254,220,0
  25 254,217,0
  25 254,215,0
  25 254,214,0
  25 254,211,0
  25 254,205,0
  25 254,203,0
  25 254,200,0
  25 254,199,0
  25 254,198,0
  25 254,194,0
  25 254,193,0
  25 254,187,0
  25 254,182,0
  25 254,176,0
  25 254,167,0
  25 254,161,0
  25 254,157,0
  25 254,156,0
  25 254,153,0
  25 254,151,0
  25 254,148,0
  25 254,146,0
  25 254,142,0
  25 254,140,0
  25 254,139,0
  25 254,137,0
  25 254,0,1
  25 253,251,3
  25 253,236,0
  25 253,0,3
  25 253,0,2
  25 252,251,4
  25 252,251,3
  25 252,249,0
  25 252,125,7
  25 252,125,4
  25 252,125,0
  25 251,249,8
  25 251,248,0
  25 251,156,0
  25 251,124,9
  25 251,124,12
  25 250,123,18
  25 250,123,17
  25 249,123,22
  25 249,123,21
  25 249,0,26
  25 249,0,23
  25 248,122,27
  25 248,122,0
  25 248,121,31
  25 248,121,0
  25 247,121,35
  25 247,121,0
  25 247,0,34
  25 246,240,0
  25 246,120,47
  25 246,120,46
  25 246,120,42
  25 245,119,55
  25 245,119,53
  25 245,119,51
  25 244,119,60
  25 244,119,59
  25 244,118,63
  25 244,0,64
  25 244,0,61
  25 244,0,59
  25 244,0,56
  25 243,235,0
  25 243,118,66
  25 243,118,65
  25 243,118,0
  25 242,235,0
  25 242,118,79
  25 242,118,78
  25 242,118,75
  25 241,117,90
  25 241,117,88
  25 241,117,84
  25 241,116,80
  25 241,115,46
  25 241,0,88
  25 240,117,92
  25 240,116,0
  25 240,0,99
  25 240,0,96
  25 24,238,57
  25 24,1,0
  25 239,117,106
  25 239,117,105
  25 239,113,0
  25 239,0,112
  25 239,0,107
  25 238,232,0
  25 238,116,113
  25 238,116,0
  25 238,115,113
  25 238,113,0
  25 237,115,0
  25 236,230,0
  25 235,113,0
  25 235,111,81
  25 235,110,78
  25 235,0,0
  25 234,226,0
  25 234,219,0
  25 234,210,113
  25 234,197,0
  25 234,183,0
  25 234,150,0
  25 234,127,0
  25 234,113,115
  25 234,110,0
  25 234,0,96
  25 234,0,113
  25 234,0,1
  25 233,110,97
  25 233,0,117
  25 232,111,0
  25 232,110,117
  25 232,110,0
  25 232,0,118
  25 232,0,117
  25 231,110,118
  25 231,109,116
  25 231,0,119
  25 230,0,122
  25 230,0,121
  25 229,218,0
  25 229,108,0
  25 228,145,0
  25 228,108,126
  25 228,107,0
  25 227,215,0
  25 227,107,128
  25 227,107,0
  25 227,0,130
  25 227,0,129
  25 226,214,0
  25 226,171,0
  25 226,153,39
  25 226,107,131
  25 226,107,0
  25 226,106,134
  25 226,106,133
  25 225,106,0
  25 225,103,121
  25 224,106,142
  25 224,106,140
  25 224,0,141
  25 223,105,151
  25 223,105,150
  25 223,105,146
  25 223,105,145
  25 223,103,0
  25 223,0,150
  25 223,0,149
  25 222,170,0
  25 222,0,154
  25 222,0,128
  25 221,99,0
  25 221,105,156
  25 221,104,156
  25 221,0,156
  25 220,184,0
  25 220,102,139
  25 220,102,0
  25 220,0,85
  25 22,239,52
  25 219,202,0
  25 219,101,0
  25 219,100,138
  25 219,0,135
  25 218,98,134
  25 218,0,156
  25 217,99,0
  25 217,212,113
  25 217,150,113
  25 217,105,156
  25 217,100,157
  25 217,100,154
  25 217,100,0
  25 216,99,0
  25 216,96,0
  25 215,98,158
  25 215,98,0
  25 215,0,158
  25 214,97,0
  25 213,97,160
  25 213,96,160
  25 213,96,154
  25 213,78,28
  25 213,0,0
  25 212,96,162
  25 212,95,0
  25 212,193,0
  25 212,174,156
  25 212,156,0
  25 212,150,113
  25 212,150,0
  25 212,142,156
  25 212,109,0
  25 212,105,113
  25 212,0,152
  25 211,191,0
  25 211,0,163
  25 211,0,159
  25 211,0,158
  25 211,0,155
  25 210,95,164
  25 210,0,159
  25 21,239,51
  25 21,0,21
  25 208,93,170
  25 207,96,162
  25 207,93,0
  25 207,92,167
  25 207,90,162
  25 207,0,167
  25 206,92,174
  25 206,90,166
  25 206,90,165
  25 206,90,163
  25 206,187,0
  25 206,0,176
  25 206,0,175
  25 205,92,179
  25 205,88,0
  25 205,187,0
  25 205,146,27
  25 204,92,183
  25 204,92,182
  25 204,92,181
  25 204,91,179
  25 204,91,0
  25 204,89,170
  25 204,0,184
  25 203,91,187
  25 203,0,180
  25 202,86,0
  25 202,85,164
  25 202,178,44
  25 202,0,187
  25 201,89,187
  25 201,89,0
  25 201,0,187
  25 201,0,177
  25 200,176,0
  25 200,0,169
  25 2,251,3
  25 2,250,6
  25 2,0,9
  25 2,0,187
  25 199,86,188
  25 199,86,0
  25 199,83,0
  25 199,0,187
  25 199,0,162
  25 198,92,187
  25 198,92,156
  25 198,92,0
  25 198,86,0
  25 198,212,0
  25 198,187,113
  25 198,142,156
  25 198,0,188
  25 198,0,171
  25 197,85,186
  25 197,85,0
  25 197,84,0
  25 197,83,174
  25 195,83,189
  25 195,81,178
  25 195,80,0
  25 195,0,189
  25 194,82,190
  25 194,81,186
  25 194,0,137
  25 193,81,191
  25 193,80,0
  25 193,79,0
  25 193,76,0
  25 193,176,113
  25 193,176,0
  25 193,142,113
  25 193,0,191
  25 193,0,190
  25 192,85,0
  25 192,80,192
  25 192,0,191
  25 191,80,193
  25 191,80,0
  25 191,79,193
  25 191,78,190
  25 191,0,184
  25 190,0,194
  25 190,0,191
  25 19,240,46
  25 19,0,254
  25 189,78,194
  25 189,78,0
  25 188,0,196
  25 187,99,187
  25 187,92,113
  25 187,81,160
  25 187,77,0
  25 187,239,0
  25 187,187,156
  25 187,176,113
  25 187,176,0
  25 187,142,156
  25 187,142,0
  25 187,136,0
  25 187,0,189
  25 186,76,201
  25 185,76,202
  25 185,76,0
  25 185,73,0
  25 185,0,202
  25 184,76,206
  25 184,76,204
  25 184,76,0
  25 184,0,194
  25 184,0,193
  25 183,75,211
  25 183,75,210
  25 183,75,208
  25 183,73,200
  25 183,72,0
  25 183,155,0
  25 183,124,0
  25 182,74,212
  25 181,73,212
  25 181,73,0
  25 181,68,192
  25 181,151,0
  25 180,72,0
  25 180,149,0
  25 18,233,41
  25 179,71,213
  25 178,70,213
  25 177,75,182
  25 177,0,213
  25 176,75,0
  25 176,66,0
  25 176,64,200
  25 176,187,0
  25 176,156,113
  25 176,0,211
  25 175,66,212
  25 174,65,214
  25 174,170,136
  25 174,0,214
  25 173,65,214
  25 173,64,214
  25 172,63,0
  25 172,61,0
  25 172,132,0
  25 172,0,215
  25 171,62,0
  25 171,0,215
  25 170,75,212
  25 170,75,113
  25 170,61,0
  25 170,212,0
  25 170,133,156
  25 17,4,0
  25 169,60,217
  25 169,0,215
  25 167,58,218
  25 167,57,215
  25 167,57,212
  25 167,0,217
  25 166,58,219
  25 165,55,0
  25 165,0,220
  25 164,56,222
  25 164,55,0
  25 164,0,221
  25 164,0,216
  25 164,0,212
  25 163,55,223
  25 163,55,220
  25 163,54,0
  25 163,116,0
  25 163,0,223
  25 162,54,222
  25 162,0,225
  25 161,0,224
  25 160,54,227
  25 160,54,0
  25 160,53,0
  25 160,0,228
  25 16,241,41
  25 159,53,231
  25 159,0,231
  25 158,53,232
  25 158,113,21
  25 158,113,1
  25 157,62,158
  25 157,52,234
  25 157,43,219
  25 156,51,234
  25 156,198,0
  25 156,156,187
  25 156,156,156
  25 156,133,187
  25 156,124,212
  25 156,0,234
  25 156,0,212
  25 155,49,235
  25 155,0,234
  25 154,54,201
  25 154,48,235
  25 154,46,0
  25 154,124,200
  25 152,45,235
  25 152,42,231
  25 152,41,0
  25 152,0,0
  25 151,42,0
  25 151,35,0
  25 151,195,118
  25 150,53,234
  25 150,53,212
  25 150,42,235
  25 150,41,235
  25 150,124,0
  25 150,113,113
  25 150,0,235
  25 15,242,37
  25 15,0,17
  25 149,40,235
  25 149,0,212
  25 148,38,235
  25 147,78,0
  25 147,37,236
  25 147,34,0
  25 146,57,0
  25 146,32,0
  25 146,220,23
  25 146,124,175
  25 145,72,0
  25 145,33,236
  25 145,32,0
  25 145,31,0
  25 145,22,0
  25 145,0,236
  25 144,32,237
  25 144,31,237
  25 144,29,0
  25 144,0,237
  25 143,30,237
  25 143,0,237
  25 142,53,187
  25 142,27,237
  25 142,27,0
  25 142,25,0
  25 142,156,187
  25 142,0,237
  25 142,0,187
  25 141,24,0
  25 140,25,238
  25 140,24,238
  25 14,240,35
  25 14,0,254
  25 139,23,239
  25 139,21,0
  25 138,20,239
  25 137,18,240
  25 136,15,0
  25 135,13,0
  25 134,11,0
  25 133,53,156
  25 133,10,244
  25 132,7,0
  25 132,6,0
  25 132,17,0
  25 131,6,246
  25 131,5,0
  25 131,0,246
  25 130,9,9
  25 130,4,248
  25 130,3,0
  25 130,22,239
  25 130,0,248
  25 13,242,33
  25 129,3,248
  25 128,2,251
  25 128,115,0
  25 127,1,253
  25 127,0,5
  25 127,0,252
  25 127,0,11
  25 126,1,253
  25 125,3,252
  25 124,7,250
  25 124,6,250
  25 124,234,0
  25 124,217,0
  25 123,8,249
  25 123,15,247
  25 122,17,246
  25 121,30,243
  25 121,28,244
  25 121,26,244
  25 121,25,244
  25 121,24,244
  25 12,243,33
  25 12,243,32
  25 12,0,36
  25 119,45,240
  25 119,43,241
  25 119,43,240
  25 118,63,237
  25 118,62,237
  25 118,61,238
  25 118,60,238
  25 118,52,239
  25 117,77,236
  25 117,76,236
  25 117,74,236
  25 117,71,236
  25 117,68,237
  25 117,53,236
  25 117,0,5
  25 116,96,235
  25 116,90,234
  25 116,76,235
  25 116,109,234
  25 116,105,235
  25 116,102,235
  25 115,64,232
  25 115,113,232
  25 114,42,235
  25 114,114,230
  25 114,113,232
  25 114,0,254
  25 113,65,234
  25 113,53,212
  25 113,53,187
  25 113,234,0
  25 113,212,0
  25 113,193,0
  25 113,187,0
  25 113,114,228
  25 113,113,187
  25 113,113,0
  25 112,99,227
  25 112,114,227
  25 111,114,225
  25 110,18,223
  25 110,117,223
  25 110,115,223
  25 11,243,30
  25 11,243,29
  25 11,0,0
  25 109,119,220
  25 108,121,219
  25 108,120,219
  25 108,117,220
  25 108,117,218
  25 107,123,217
  25 107,120,217
  25 107,117,217
  25 107,106,216
  25 106,130,215
  25 106,129,215
  25 106,127,216
  25 106,119,216
  25 106,119,215
  25 105,81,214
  25 105,214,0
  25 105,147,213
  25 105,145,213
  25 105,134,214
  25 105,130,213
  25 105,0,5
  25 104,156,211
  25 104,155,212
  25 104,151,212
  25 104,150,212
  25 104,147,213
  25 104,139,211
  25 104,127,210
  25 104,123,212
  25 103,156,210
  25 103,156,209
  25 103,134,210
  25 103,113,209
  25 100,157,203
  25 100,156,204
  25 10,244,27
  25 10,240,26
  25 10,0,254
  25 10,0,234
  25 1,232,2
  25 1,231,3
  25 1,0,212
  25 0,211,1
  25 0,156,156
  25 0,113,212
  25 0,0,24
  24 255,0,0
  24 242,0,78
  24 232,0,0
  24 222,212,3
  24 220,103,156
  24 210,0,0
  24 208,0,166
  24 191,0,193
  24 189,0,196
  24 188,75,190
  24 185,0,204
  24 185,0,0
  23 127,0,30
  21 9,0,22
  21 7,0,26
  21 29,0,24
  21 254,136,0
  21 25,2,0
  21 228,0,127
  21 191,0,192
  21 16,0,0
  20 32,0,30
  20 26,0,0
  20 2,0,0
  20 160,0,227
  20 14,0,0
  19 254,133,0
  19 254,128,0
  19 156,75,156
  19 156,144,212
  18 34,1,0
  18 30,0,0
  18 23,0,0
  18 2,0,212
  18 168,0,215
  17 34,0,0
  17 27,1,0
  17 24,0,10
  17 211,95,163
  17 161,0,226
  17 127,0,20
  15 5,0,20
  15 25,1,0
  15 228,0,117
  15 2,0,11
  15 185,76,203
  15 140,0,238
  15 12,0,0
  15 101,0,254
  15 0,0,3
  14 6,0,0
  14 58,0,254
  14 27,0,254
  14 254,184,0
  14 247,242,34
  14 163,75,212
  14 154,0,231
  14 150,0,212
  14 112,0,254
  14 1,0,7
  13 44,0,254
  13 254,150,0
  13 252,0,4
  12 38,0,254
  12 234,232,113
  12 203,0,175
  12 175,0,208
  11 51,0,254
  11 249,122,22
  11 233,111,110
  10 244,119,61
   7 173,61,204
   7 129,3,249
   6 78,165,161
   5 249,126,0
   5 103,156,211
   4 222,105,152
   4 213,97,159
   4 157,44,220
   4 155,49,234
   4 136,17,241
   4 132,8,245
   4 0,186,1
   2 79,192,164
   2 241,117,91
   2 237,112,74
   2 145,34,236
   2 105,137,214
   1 75,113,0
   1 2540,212,0
   1 254,254234,234,0
   1 254,20,0,0
   1 254,0,
   1 25234,234,0
   1 249,0,22
   1 239,234,0254,254,0
   1 222,193,0
   1 192,0,0
   1 163,56,222
   1 139,22,239
   1 127212,0,0
   1 127116,0,234
   1 126,00,212,0
   1 126,0,254234,0,0
   1 126,0,187,187,0
   1 0,254117,0,0
   1 0,254,126,0,254
   1 0,254,0234,117,0
   1 0,254,0234,0,0
   1 0,212,212,0
   1 0,0234,234,0
   1 0,0,2540,212,0
